551
! eigenvalues from Protomol/Lapack 
1 -1.034771769e-05 -1.538394839e-05 -2.447484e-05
2 0.002828213663 0.003497765039 0.006273669374
3 0.01375327856 0.01736906232 0.01892256292
4 0.02059951854 0.02606913766 0.02769094372
5 0.03186781917 0.03366996388 0.03716711808
6 0.04209795591 0.04481102265 0.04803798154
7 0.05064752394 0.05613362208 0.06536142155
8 0.06771240761 0.071798098 0.07641765582
9 0.08138840078 0.0846281679 0.0929030816
10 0.09767631977 0.1027283929 0.1071049864
11 0.1119308039 0.1173879829 0.1218614225
12 0.1240423134 0.1330100674 0.1354323323
13 0.147684273 0.1628977645 0.1703265897
14 0.1731074432 0.1827397838 0.192280879
15 0.1942857219 0.1970274005 0.2107544182
16 0.213744859 0.2231455829 0.2302984134
17 0.2352880433 0.2438197383 0.2577620819
18 0.27131235 0.2807413771 0.2979170733
19 0.3027250045 0.3078782625 0.3145117442
20 0.3238520338 0.3311510464 0.3411315412
21 0.3513806352 0.3552067779 0.3676661258
22 0.3758289735 0.3833499945 0.387790923
23 0.3964913172 0.4076532411 0.4232634066
24 0.427123376 0.4460209554 0.4495770752
25 0.4644981689 0.4820443014 0.4856187311
26 0.4959919111 0.5064475886 0.5144565964
27 0.5231638727 0.5372529548 0.5457017375
28 0.5568026546 0.5779779691 0.5884896159
29 0.595608409 0.6076337729 0.6205126338
30 0.6337795847 0.6581683635 0.672128868
31 0.6876145907 0.6913886336 0.7165189889
32 0.755409642 0.7619489059 0.7781060596
33 0.7833408483 0.8131215193 0.8275114686
34 0.8402768328 0.8594936062 0.8615422966
35 0.8917775835 0.9116370885 0.9138425634
36 0.9160773189 0.9322592276 0.9412295755
37 0.9592465697 0.9621825963 0.9722375515
38 0.9875823328 0.9940898718 1.015303301
39 1.025477847 1.03545175 1.043255005
40 1.057283416 1.070633026 1.094310502
41 1.106586636 1.120849718 1.137227572
42 1.144923559 1.175513224 1.180139
43 1.199169036 1.209707865 1.228328809
44 1.239785748 1.255246178 1.27770913
45 1.297931451 1.332400918 1.35834977
46 1.36812696 1.394539973 1.397414501
47 1.422325728 1.437824332 1.460669328
48 1.470307739 1.481332399 1.485584044
49 1.498889243 1.507467961 1.541248908
50 1.56144066 1.56756341 1.603569262
51 1.640537523 1.646529743 1.660806354
52 1.690300529 1.724378333 1.757926841
53 1.770351358 1.786488607 1.834638657
54 1.858234287 1.87859981 1.89674508
55 1.923757673 1.942682083 1.97915387
56 2.0100235 2.041968024 2.058540075
57 2.084633729 2.098545757 2.104392096
58 2.126978344 2.147263268 2.161005017
59 2.203187089 2.214595693 2.229987586
60 2.256440451 2.283311718 2.321561968
61 2.345233372 2.391058809 2.403622051
62 2.436868063 2.45695955 2.461664803
63 2.540975272 2.543488313 2.610188304
64 2.619060342 2.639588688 2.674631283
65 2.678991016 2.728055504 2.760195853
66 2.777023502 2.858758916 2.860369211
67 2.889858768 2.923499462 2.987945149
68 3.040492515 3.059203489 3.103530693
69 3.131742759 3.144379114 3.206554405
70 3.223359306 3.241357004 3.295621857
71 3.321282854 3.400312079 3.464774273
72 3.510307031 3.519389187 3.576398162
73 3.648195155 3.688744021 3.749076957
74 3.843227723 3.849512312 3.913204725
75 3.914711101 3.970880297 4.016941812
76 4.056545638 4.083117382 4.156237772
77 4.219828626 4.269429723 4.308271055
78 4.328389005 4.356699649 4.416076197
79 4.455705789 4.485988204 4.503876831
80 4.555620601 4.586318547 4.658396972
81 4.729265813 4.766034679 4.850067048
82 4.874628283 4.956556361 5.007407739
83 5.090503595 5.131835254 5.154875666
84 5.187284826 5.25019204 5.280981681
85 5.321006468 5.375229001 5.397723665
86 5.42406797 5.511357681 5.546347146
87 5.551103772 5.579468421 5.647230627
88 5.728435561 5.735832503 5.788649555
89 5.838700453 5.899191714 5.933838732
90 6.044949517 6.089431542 6.15854791
91 6.190265771 6.287091835 6.370470427
92 6.409013801 6.455184638 6.511087257
93 6.611578825 6.659182037 6.676305637
94 6.780214611 6.883554106 6.960094707
95 7.034517238 7.069402469 7.176121749
96 7.312316345 7.33395072 7.39210581
97 7.420486923 7.552132202 7.642175571
98 7.678950503 7.735356699 7.757706233
99 7.881034549 7.909044259 7.926721455
100 8.018969476 8.052361628 8.233743339
101 8.30914865 8.366577108 8.399749159
102 8.469703838 8.486776476 8.513396152
103 8.562612017 8.664611539 8.777872401
104 8.804618714 8.923404713 9.024839685
105 9.049511125 9.178032083 9.236646133
106 9.301471035 9.348076219 9.384439122
107 9.427109497 9.487428874 9.527601019
108 9.618565418 9.650804383 9.712005084
109 9.734104665 9.809383206 9.935633488
110 10.01773635 10.0563463 10.11288388
111 10.20414528 10.23719951 10.24885389
112 10.26571928 10.3742745 10.50238058
113 10.65789665 10.85702881 10.87971176
114 11.0042504 11.07585705 11.18876789
115 11.24798117 11.31657509 11.43463711
116 11.49007586 11.51033215 11.83273855
117 11.93005612 11.99767622 12.19798833
118 12.25449929 12.38013528 12.38819161
119 12.57566843 12.78832918 12.87471832
120 12.93123343 12.95414233 13.03785749
121 13.08999834 13.1428604 13.36840519
122 13.46997185 13.56380053 13.61508536
123 13.71642489 13.85198801 13.96700259
124 14.06798091 14.09277622 14.10994563
125 14.24207931 14.30148261 14.36114312
126 14.39107812 14.40042271 14.46419814
127 14.47046478 14.61226396 14.64849407
128 14.79467901 15.03761099 15.16112903
129 15.3925893 15.42509697 15.51609436
130 15.66248911 15.73636679 15.76168513
131 16.02716216 16.16488746 16.23790241
132 16.39413647 16.52295205 16.53354348
133 16.790595 16.97913994 17.01733499
134 17.14768078 17.90163877 17.97661816
135 18.05625925 18.23893408 18.37292968
136 18.46930565 18.48143044 18.63742155
137 19.04485129 19.11176728 19.14413231
138 19.25831986 19.4410309 19.61865163
139 19.65478057 19.99811794 20.10677822
140 20.1941337 20.45082147 20.7471898
141 20.79104366 20.80911888 21.01605383
142 21.0567575 21.28198257 21.36251597
143 21.37278537 21.43982277 21.50449777
144 21.66716599 22.07029178 22.12069663
145 22.19526744 22.47591634 22.62423882
146 22.83840261 22.96851551 23.37412641
147 23.59985962 23.6201256 23.88619113
148 23.92063605 24.45572908 24.48652707
149 24.58887865 25.15574667 25.39017072
150 25.54907879 25.94943374 26.08524714
151 26.24419209 26.56740561 26.62201127
152 26.67402193 26.99210429 27.0819628
153 27.37739536 27.60292329 27.61946214
154 27.69844577 28.11496857 28.14635672
155 28.33040893 28.37254045 28.46313121
156 28.61631204 28.77254337 28.82099489
157 28.86972796 29.16596364 29.23613459
158 29.31488054 29.57975641 29.78597733
159 30.10376383 30.30685812 30.44277437
160 30.45794157 30.50260359 30.61454805
161 31.07014356 31.50221297 31.59229807
162 31.74634025 31.79596882 32.25322726
163 32.77000889 33.43216175 33.4361509
164 33.53141516 33.61969435 33.8611393
165 33.89087315 34.17814489 34.32353583
166 34.80091634 34.85966622 35.43359174
167 35.52891246 35.66847718 36.01112932
168 36.3868401 36.47031829 36.53248031
169 36.59670527 36.64331125 36.69008572
170 36.76323633 36.78581789 36.90776385
171 36.96808029 37.04110014 37.32383452
172 37.60002962 37.68753165 37.84774868
173 37.91694084 38.11513196 38.19531189
174 38.24629973 38.27019108 38.43685145
175 38.85362888 39.02835036 39.41650859
176 39.74441267 39.76874378 40.51453986
177 40.64732408 40.81025072 40.89986374
178 41.0911154 41.13386485 41.38955819
179 41.63872298 41.87654066 41.8892218
180 41.99578113 42.37627317 42.5684238
181 42.79025032 43.01264555 43.35825802
182 43.40960295 43.68037147 43.99823703
183 44.05840413 44.10426783 44.7867853
184 44.99856741 45.01162911 45.04176936
185 45.41025514 45.66227388 45.78810394
186 45.88680263 45.98131383 46.06653394
187 46.12364152 46.57456371 46.62020157
188 46.9204629 47.02770368 47.20876538
189 47.27285299 47.41071886 47.73529674
190 47.76608965 47.9160086 48.14982205
191 48.35159288 48.72676265 48.83328321
192 48.91249022 49.03862627 49.26665105
193 49.37008422 49.43412974 49.47617908
194 49.99640002 50.15016504 50.17233837
195 50.20830281 50.26584217 50.35222985
196 50.40637355 50.84539878 50.93513299
197 51.04720786 51.095777 51.31366988
198 51.61551964 51.79577473 51.94791418
199 52.02264163 52.03202316 52.08168177
200 52.21302515 52.50979304 52.53540423
201 52.67907432 52.83172668 52.93254198
202 53.08752151 53.0924535 53.61478985
203 53.66162484 54.0459788 54.13252311
204 54.29000109 54.32792935 54.45951439
205 54.58463277 54.59624343 54.742511
206 55.04480392 55.43137844 55.48959851
207 55.51306268 55.65784229 55.75201009
208 55.84581825 55.97874904 56.21692902
209 56.36796846 56.4076957 56.6198164
210 56.87761084 56.97637514 57.24909364
211 57.85327068 57.87347749 58.14884431
212 58.30125423 58.53916047 58.73741788
213 58.76615251 58.77763311 58.98947525
214 59.21507078 59.51077933 59.71791185
215 59.87530486 60.05321888 60.33262026
216 60.66271341 60.99405706 61.00561097
217 61.08007182 61.63605965 61.6740026
218 61.962171 62.00892953 62.30872839
219 62.34102824 62.36788173 62.56057676
220 62.73430247 62.80955881 62.91217931
221 63.23378069 63.31490425 63.59681736
222 63.91058296 64.04016028 64.41684126
223 64.4855454 64.88458971 65.06379845
224 65.92120539 66.15129351 66.37876442
225 66.58233246 66.65379459 66.67558449
226 66.71289324 66.87321739 67.07609108
227 67.10864014 67.2274574 67.27840661
228 67.61242497 67.87014235 67.98097076
229 68.01619682 68.17772839 68.37537209
230 68.73267781 68.8364472 69.02960879
231 69.38878015 69.92335355 70.05080096
232 70.14804447 70.18916823 70.53457694
233 70.77987247 70.83278417 70.95550444
234 70.98405202 71.23829203 71.35212165
235 71.52267309 71.54693885 71.62221246
236 71.66917682 71.83125101 71.97832782
237 72.37497902 72.7055494 72.88581147
238 73.35807557 73.53873018 73.95280687
239 74.06342929 74.36667925 74.42028324
240 74.51582829 74.68449883 74.85280485
241 75.06069935 75.16337554 75.3986624
242 75.44909844 75.60889617 75.68553412
243 75.78580524 75.87706451 75.94551581
244 76.32149305 76.40452543 76.51464768
245 76.56631582 76.83488787 76.97700202
246 77.04027516 77.07565906 77.58491041
247 77.79854338 77.81207545 77.84687237
248 78.0305521 78.05980138 78.19521569
249 78.32814955 78.56707776 78.58282141
250 78.62568038 78.66507522 78.73212481
251 78.76180139 79.2979398 79.62957509
252 79.77289893 79.97241535 80.29563976
253 80.46102968 80.67755238 81.18893892
254 81.51783397 81.54045121 81.68240664
255 81.75521492 82.04618612 82.10562294
256 82.12720001 82.24571452 82.44236788
257 82.80510632 82.9732511 83.15673811
258 83.28860317 83.33516039 83.59138634
259 83.60419872 83.64401787 83.92610124
260 84.22375711 84.41642351 84.47528589
261 84.52986967 84.77506526 84.9283701
262 84.99295079 85.19877134 85.21224307
263 85.33019784 85.54193305 85.68858644
264 85.91883705 85.96424682 86.32641676
265 86.375894 86.57356299 86.60669276
266 86.77385371 87.00191538 87.13595516
267 87.21871517 87.50859053 87.91464778
268 87.95556538 88.0465823 88.10846095
269 88.24977557 88.31531148 88.44748361
270 88.53042139 88.5808128 88.62517951
271 88.73559254 88.86876104 88.96520996
272 89.30883316 89.54329125 89.58777861
273 89.61529171 89.9284586 90.10692118
274 90.27271844 90.57161296 90.67570426
275 90.80870755 91.00831395 91.03915485
276 91.25123001 91.67524664 91.74791941
277 91.77541226 91.86985614 92.01622823
278 92.16763297 92.377771 92.60944918
279 92.6172356 92.7011634 92.79320587
280 93.20921454 93.28120349 93.31106299
281 93.42529265 93.52962539 93.59855682
282 93.73450877 93.90656704 93.94235236
283 94.1651725 94.19746538 94.27151729
284 94.33330687 94.71903439 94.77158509
285 94.9836821 95.03885588 95.22939941
286 95.4627604 95.51808992 96.11416325
287 96.19012359 96.30332532 96.41479267
288 96.56619706 96.81159538 96.84419032
289 97.08365968 97.11818309 97.2119153
290 97.39907147 97.48448868 97.49820401
291 97.63281993 97.78494765 97.89197084
292 98.23446313 98.23917479 98.30315533
293 98.39927035 98.73738262 99.16734821
294 99.3621692 99.74793463 100.1024133
295 100.3665081 100.4109971 100.4759858
296 100.54779 100.6606468 100.8134287
297 101.1843439 101.5623193 102.1433292
298 102.1979148 102.6920701 102.7898631
299 102.9565741 103.6981272 103.7677638
300 103.8004802 103.8943892 104.192234
301 104.2003863 104.2457939 104.7477034
302 105.0763667 105.3105775 105.4542599
303 105.7024667 105.9743416 106.2607086
304 106.3453355 106.3932607 107.0042554
305 107.1586419 108.1724193 108.2339073
306 108.3703089 108.6265535 108.9726884
307 108.9945688 109.201563 109.3419525
308 109.7783045 110.0211629 110.1956982
309 110.2657788 111.1353333 111.5602566
310 111.6614849 111.7868557 111.8458423
311 112.7201419 113.3508042 113.9160798
312 114.0822723 114.3965576 114.4197222
313 114.5051067 115.0121323 115.0217282
314 115.1855245 115.1945519 115.4079841
315 115.472948 115.7310451 115.8974892
316 116.0455722 116.1785283 116.1893508
317 116.3236831 116.6498094 117.0493939
318 117.1891002 117.2886914 117.5945523
319 117.6059571 117.6810506 117.9354475
320 118.5238944 118.5468545 118.6365305
321 118.9264106 119.0534622 119.3979085
322 119.5375349 119.6508811 119.9595889
323 119.9916653 120.1023434 120.2198496
324 120.454402 120.7217947 120.8913963
325 121.1318919 121.2142196 121.4806301
326 121.6712374 122.4839369 122.6599381
327 122.7339604 122.7921693 123.1638225
328 123.2765119 123.2994978 123.5693211
329 123.899227 124.0681971 124.2101465
330 124.369869 124.8041245 124.8214745
331 124.933192 125.0209288 125.2352405
332 125.3196879 125.3726451 125.8805989
333 126.5903154 126.7088958 126.8865087
334 126.9821927 127.0320118 127.3716732
335 127.8766878 127.9249111 128.0698452
336 128.1156601 128.315648 128.5275832
337 128.6019249 128.6870475 129.3159127
338 129.3658681 129.6190892 130.0050543
339 130.161519 130.4842593 131.1666265
340 131.4582726 131.6560795 131.6913181
341 132.0704534 132.2772627 132.2861505
342 132.3653927 133.2147565 133.650553
343 133.8753092 133.9113071 134.2250797
344 134.7050577 134.9843361 135.1259669
345 135.7996635 135.9529084 136.2781373
346 136.5413938 136.6827754 137.8415358
347 137.8930196 138.2082646 138.2616667
348 138.9421197 139.0082093 139.0905596
349 139.1652584 139.425126 139.8800204
350 140.2442402 141.4873052 141.7972614
351 142.3654063 142.5417167 142.8031515
352 142.9202744 142.9438282 143.201189
353 143.2772131 143.4649967 143.7044409
354 143.7202152 144.0313309 144.9070205
355 144.911868 144.9737446 145.0287166
356 145.3574887 145.7963748 145.835182
357 146.0462933 146.0903172 146.5497421
358 146.6348773 146.8121608 147.4935284
359 147.5447789 148.128583 148.1580704
360 148.248353 149.5191316 149.7418568
361 150.7701707 151.1179413 151.8241781
362 151.9054205 152.0237907 152.942129
363 153.0349192 153.0753452 153.2040129
364 153.600934 153.769952 153.8336762
365 153.9755435 154.1826646 154.4490966
366 154.65153 155.6603331 155.9032588
367 155.9964455 156.6380209 156.6530817
368 156.9662383 157.0522862 157.3501945
369 157.7231243 158.46098 159.453605
370 159.6687399 159.7731026 160.3842038
371 160.9525906 161.7561994 161.7770993
372 161.9567009 162.5666384 163.7455585
373 163.816774 163.9530437 163.9635122
374 164.4190691 164.4217046 165.0215764
375 165.08993 165.2552448 165.5128681
376 166.0388065 166.2033953 166.2103456
377 166.472886 166.7426367 166.9015928
378 166.9514136 167.1557917 167.2575465
379 167.4976673 167.6936031 167.7229876
380 167.9536993 168.0804525 168.1743547
381 168.410502 168.728089 168.7798701
382 169.1477244 169.3758755 169.4277095
383 169.6071381 169.8257706 169.9992095
384 170.0727376 170.3782202 170.7885908
385 170.9050307 171.0153813 171.3812562
386 171.3921198 171.5194131 171.575254
387 171.7659784 171.9789396 171.9941973
388 172.5117206 172.5714582 172.5996574
389 172.6542566 172.6998276 172.8123814
390 172.9323038 172.9511076 172.9795284
391 173.0841008 173.1121768 173.1578791
392 173.2668494 173.3226027 173.4154174
393 173.8349876 173.92758 173.9858934
394 174.1024339 174.3047171 174.4082319
395 174.605509 174.6238114 174.6791459
396 174.7794384 175.1670319 175.2779705
397 175.3553496 175.4832932 175.5689781
398 175.6067556 175.6147178 175.8253105
399 175.9441635 176.0877591 176.259913
400 176.6178791 176.7505799 177.2324866
401 177.264176 177.3103951 177.3381726
402 177.3518922 177.7230416 178.3452964
403 178.3803872 178.4681342 179.0077842
404 179.2387778 179.6803748 179.791253
405 179.8145322 179.8740827 179.9077549
406 179.979299 180.3367286 180.3429149
407 180.4549227 180.4887431 180.5786628
408 180.9298587 181.1113937 181.1233632
409 181.3578337 181.5426107 182.3060957
410 182.5319088 182.5580477 182.5708401
411 182.5781464 182.7249669 182.8986848
412 183.4576614 183.699658 183.8447267
413 184.2619296 184.4264097 184.4425213
414 184.5587318 184.8168562 184.9424348
415 186.0487775 186.2669583 186.3375208
416 186.4853562 186.5742258 187.5070087
417 187.521592 187.657864 187.842967
418 187.8707062 188.1067355 188.285477
419 188.4026431 189.3815181 189.9569268
420 191.1468284 191.8537939 191.997455
421 192.0180208 192.0343791 192.6258164
422 192.643859 192.7147298 193.764665
423 194.5161904 194.7306813 195.472814
424 195.6098523 195.9580521 196.9038901
425 197.1482967 197.8834316 198.2655073
426 198.4708049 198.6911516 198.8555077
427 201.169827 201.3427815 201.7587332
428 202.3774657 203.7122041 204.0751892
429 204.2500783 204.3174817 204.8394067
430 205.4973221 205.9755985 206.3471788
431 206.3701803 207.7385087 207.9872223
432 208.781739 209.2122254 210.7254278
433 210.7518279 211.0288922 211.2750047
434 211.9014372 212.2393889 212.4489095
435 212.6013131 212.6722952 214.3438311
436 214.7732428 215.0001424 215.6810923
437 216.4429557 216.4847535 216.9438599
438 217.7446619 218.3569223 218.4505809
439 219.034981 219.1020008 220.15258
440 221.0154004 221.1216866 221.7469086
441 222.0609659 223.0396754 223.0480286
442 223.52688 225.2928379 225.993836
443 227.3932233 227.5726373 228.2208234
444 228.7156254 228.7499975 229.9340352
445 230.3057535 233.4442736 233.9858631
446 234.8581405 235.1896057 235.5819938
447 236.4364242 236.5929929 237.4654022
448 237.4789659 237.7328927 237.8929651
449 238.1212853 238.1379251 238.2107263
450 238.3449478 238.4215448 238.5486651
451 238.8837527 239.2655845 239.2794698
452 239.5587299 239.9585824 240.2770028
453 240.3505373 240.3692656 241.0742975
454 241.9491189 241.9774024 241.9793135
455 241.9999962 242.1711927 242.3838549
456 242.7558858 243.057124 243.6217293
457 245.028437 246.9676173 247.7173685
458 247.7220203 247.8820532 250.0395181
459 250.596018 253.5842071 255.7583126
460 258.294405 259.981631 261.2636294
461 264.0701812 266.9757686 279.9560391
462 636.6911485 666.5807334 670.3512859
463 674.1670782 675.8605249 676.1424591
464 678.1464388 680.6290038 681.0109391
465 681.7031631 681.7057102 681.7984361
466 682.7648984 682.969361 683.9441875
467 684.752599 684.9828555 685.2405631
468 685.5268608 686.4515869 687.7659571
469 688.1067789 688.732926 689.2378797
470 690.2675999 690.7234072 692.3986548
471 692.4829432 692.7973742 693.9252171
472 695.771481 696.9871646 697.20854
473 697.5122542 697.5440588 698.000539
474 698.081181 699.0328331 699.8544112
475 700.3923855 701.1527337 701.4380402
476 701.4694274 701.5888063 701.6453903
477 701.814302 701.9045832 702.2658245
478 702.6206947 702.8195555 702.9861209
479 703.0167908 703.2365005 703.4501307
480 703.7277125 704.4507405 704.5028033
481 704.6821266 704.9520039 705.2808394
482 706.0190253 706.0589737 706.0928078
483 706.1199623 706.1228332 706.4258553
484 706.4650464 706.7683536 706.9736515
485 707.6126542 707.8566183 707.8995876
486 708.2094112 708.8349804 708.9716996
487 709.8600425 710.072402 710.3741832
488 710.3750326 710.5873135 710.8672039
489 711.1788082 711.3639037 711.3775372
490 711.4614552 711.6683324 711.74822
491 711.8946502 712.1979757 712.3230707
492 712.4373898 712.4381992 712.4710682
493 712.4761016 712.8942045 712.9927338
494 713.1449955 713.2515315 713.3443936
495 713.6362964 713.6847526 713.7362465
496 713.8091758 713.8140079 714.8629068
497 715.0002909 715.3307704 715.4766757
498 715.7847812 716.7850538 717.4517273
499 717.4943674 717.8262662 718.0141873
500 718.2394083 718.281123 718.3840363
501 718.5560895 718.6495237 718.6578742
502 718.7402765 719.0612264 719.4199815
503 719.4946928 719.6488813 720.485812
504 720.6974921 721.2099342 721.2249462
505 721.3493089 721.4756453 721.7765694
506 722.4317577 722.4956926 722.6459897
507 722.9844295 723.476557 723.6748625
508 723.7745736 724.0621715 725.2117122
509 725.2270245 725.5008173 726.6258376
510 726.8173179 727.9109937 728.1336087
511 728.5304639 729.1617959 729.9410554
512 730.2391514 730.6778472 730.9203589
513 731.8007913 732.0666025 732.238915
514 732.4899132 732.6243353 733.3349419
515 733.9218058 734.2185991 734.4230152
516 734.4942711 734.817052 734.8971739
517 735.9047649 736.3523188 736.9993934
518 741.4755991 747.3777669 781.6367588
519 782.1708065 782.714833 784.0583354
520 784.7300065 785.1344578 786.033734
521 786.9598325 787.0113864 788.0880557
522 788.2304687 788.8473032 790.6127903
523 791.4894921 792.3843272 792.727947
524 797.5659023 798.6077903 798.7538281
525 800.3104598 800.7000171 801.2248071
526 806.2658436 811.4844685 822.6465621
527 825.4663219 829.7918253 862.6903158
528 878.5114354 879.5556553 879.6770407
529 882.2050506 884.5089475 886.6300514
530 889.1366763 903.5567004 904.3783227
531 906.8117724 912.1916485 913.7754623
532 914.8605863 915.3623623 915.3831378
533 918.0047819 918.3897387 920.6805846
534 921.1264017 921.2036092 923.184362
535 925.2638364 925.3665624 926.078931
536 926.248306 926.4603857 926.8077379
537 926.8261596 927.0621323 927.3330047
538 927.5434919 928.1389453 928.1696381
539 929.2074814 929.236049 929.8531603
540 930.5141307 932.0228895 932.552515
541 932.7552935 933.0107563 934.3928591
542 942.5557253 945.2843875 948.1901842
543 949.4786637 960.2987739 967.1814677
544 967.8584733 968.9994599 976.9722678
545 978.2365466 980.5767728 982.2773174
546 982.460311 982.9480093 988.4352769
547 988.6986402 992.9611714 994.3862671
548 1039.088823 1040.147507 1042.627325
549 1050.995944 1051.113529 1076.918053
550 1114.590764 1114.808635 1114.832579
551 1125.569555 1134.310711 1145.075659
