          0.00      2.2366915      4.0850126      6.3217041      456.81597      1.7414378      0.4805611    0.014692587              0              0              0              0      121.71198     -15910.658      1.9203263
         40.00      1.5648479      6.2923338      7.8571817      703.65476      1.0152264     0.45028573    0.099335718              0              0              0              0      121.71198     -11169.226      730.54254
         80.00      2.4215991      4.3842236      6.8058228      490.27593      1.6948507     0.40770671     0.31904174              0              0              0              0      121.71198     -17364.482      254.52473
        120.00      3.6003103      5.2315006      8.8318109      585.02463      1.5612369      0.5575785      1.4814949              0              0              0              0      121.71198     -15449.175      542.21738
        160.00      5.4821572      1.5284236      7.0105808       170.9195      3.6653833    0.073749943      1.7430239              0              0              0              0      121.71198     -19578.861       12.81302
        200.00      3.8003076      4.7869913      8.5872989      535.31636      2.6773847     0.14725866     0.97566423              0              0              0              0      121.71198      -13367.47      234.27311
        240.00      3.7586412      3.4521318      7.2107731      386.04262      2.6952879     0.99324014    0.070113183              0              0              0              0      121.71198     -8710.2267      817.69456
        280.00      1.7859358      4.5116088      6.2975446      504.52107      1.0905604     0.63975184    0.055623511              0              0              0              0      121.71198     -10122.252      275.06234
        320.00      3.5259968      3.8142778      7.3402746      426.54043      2.1410124      1.3215152    0.063469177              0              0              0              0      121.71198     -20236.447      563.45548
        360.00      1.4759305      2.2844734      3.7604038      255.46651      1.4406605     0.01388572    0.021384273              0              0              0              0      121.71198     -16707.443      309.66128
        400.00      1.4576054      2.9111396      4.3687451      325.54491      1.1754065     0.21003686    0.072162096              0              0              0              0      121.71198     -12714.197      311.42288
        440.00      1.7915682       1.713953      3.5055212      191.66676      1.5166805      0.1023294     0.17255824              0              0              0              0      121.71198     -15247.377      184.04742
        480.00       3.911581      1.6553231      5.5669042      185.11033      3.6330033     0.23529687     0.04328089              0              0              0              0      121.71198     -17270.558      400.02193
        520.00      2.6265499       3.659606      6.2861559       409.2439      1.3388774      1.2579092    0.029763197              0              0              0              0      121.71198     -9383.0909      663.96917
        560.00      2.7213675       3.004267      5.7256346       335.9591       2.615443     0.05424766    0.051676914              0              0              0              0      121.71198     -17206.706      181.19632
        600.00      2.2736359      2.8864925      5.1601284      322.78869       1.789284     0.39854528    0.085806618              0              0              0              0      121.71198     -14991.704      374.22761
        640.00      2.8283803      3.2220776      6.0504579      360.31627      1.9679727       0.551751     0.30865663              0              0              0              0      121.71198     -14977.694      67.739676
        680.00      3.0654934      1.7975344      4.8630278      201.01344      2.2249748     0.83902102   0.0014975636              0              0              0              0      121.71198     -9215.1853      138.42985
        720.00      2.5471914      4.9044217      7.4516131      548.44828      1.8771991     0.41971615     0.25027609              0              0              0              0      121.71198     -9297.9818      822.57873
        760.00      3.3185619      2.3382392      5.6568011        261.479      2.1957773     0.53565029      0.5871343              0              0              0              0      121.71198     -12745.652      83.744597
        800.00      5.6393553      3.1413521      8.7807074      351.28895      1.8412685      1.2577273      2.5403595              0              0              0              0      121.71198     -11989.183      187.04804
        840.00      5.4101585      2.8103185      8.2204769      314.27035      2.9448028    0.070305486      2.3950502              0              0              0              0      121.71198     -21289.893      111.13873
        880.00      5.4155106      3.7984527      9.2139633      424.77075      1.7454009      2.2640139      1.4060957              0              0              0              0      121.71198     -11476.759      48.129435
        920.00      4.7837286      3.5900355      8.3737641      401.46401      2.4118298      1.3186711      1.0532277              0              0              0              0      121.71198     -20830.623      169.53857
        960.00      3.3594645      4.0917991      7.4512636      457.57488       2.119973     0.43059547     0.80889608              0              0              0              0      121.71198     -20002.889      306.61663
       1000.00      2.8203984      2.4484794      5.2688778      273.80686      0.9623729      1.4656345     0.39239104              0              0              0              0      121.71198     -12358.144      14.120818
       1040.00      2.9468763      5.1761967       8.123073      578.84015      2.8231558     0.12186519   0.0018553389              0              0              0              0      121.71198     -22169.105      19.558031
       1080.00      2.9545274      1.9255491      4.8800765      215.32898      2.0371015     0.83753803    0.079887911              0              0              0              0      121.71198     -19108.504       417.0452
       1120.00      2.2109378      1.4023795      3.6133173      156.82432      1.6797831     0.47922723    0.051927456              0              0              0              0      121.71198     -14484.765      292.89689
       1160.00      2.5834913      1.3866001      3.9700915      155.05976      1.6849205     0.84572255    0.052848258              0              0              0              0      121.71198     -9258.0084      73.523094
       1200.00      1.9875327      1.5737471      3.5612798       175.9879      1.6320127     0.13059917     0.22492081              0              0              0              0      121.71198     -13979.723      248.04606
       1240.00      2.6190872      2.5222285      5.1413158      282.05403      1.5017071      0.6419773     0.47540279              0              0              0              0      121.71198     -14715.806      148.66738
       1280.00       2.967688      2.9679384      5.9356264      331.89657      1.1743848      1.1758553     0.61744788              0              0              0              0      121.71198     -12196.074      588.90229
       1320.00       1.906995      3.3722482      5.2792432      377.10945      1.2594862     0.14681123     0.50069761              0              0              0              0      121.71198     -11778.092      257.91285
       1360.00      2.5524397      2.8501924      5.4026321      318.72935     0.99871244      1.2594523     0.29427494              0              0              0              0      121.71198     -8338.2719      232.78906
       1400.00      2.9696804      4.7505101      7.7201905      531.23676      1.0613616      1.2034864     0.70483243              0              0              0              0      121.71198     -9713.0654      390.73525
       1440.00       2.064025      3.6669235      5.7309485      410.06219      1.5068174     0.46906084     0.08814677              0              0              0              0      121.71198     -9308.8326      115.94027
